/--------------------------------------------\
| Current job: ComputeEnergyWithPointCharges |
\--------------------------------------------/

Reading data from tests/STO-3G/CO_TDDFT_STO-3G.fchk... Please wait.

Note: the "Positions" parameter is not specified in the provided input file (aa.txt).
The program will place the point charge on each atom successively.

Number of point charges: 1
Run #1: point charge #1 of 0.1 e, on Carbon at position (0, 0, -1.21601).
Run #2: point charge #1 of 0.1 e, on Oxygen at position (0, 0, 0.912009).

Note: the "NuclearCutoff" parameter is not specified in the provided input file (aa.txt).
The program will use the default value (NuclearCutoff=0.1).

Reading transitions from file: tests/STO-3G/CO_TDDFT_STO-3G.log. Please wait...
Total number of states: 16

====================== LOOP #1: charge of 0.1 e on Carbon at position (0, 0, -1.21601) ======================

Sorted Eigenvalues:
-1.1268361273e+02 -1.1239813826e+02 -1.1236575465e+02 -1.1236575465e+02 -1.1233601948e+02 -1.1233601948e+02 -1.1210661797e+02 -1.1207256030e+02 -1.1207256030e+02 -1.1172624285e+02 -1.1166880967e+02 -1.1166880967e+02 -1.1137937492e+02 -1.1137937492e+02 -1.1123980088e+02 -1.1067617419e+02 

Sorted Eigenvectors (columns): 
-9.9802062243e-01	 0.0000000000e+00	 0.0000000000e+00	 0.0000000000e+00	 0.0000000000e+00	 2.5782900324e-17	 5.8174970203e-02	 0.0000000000e+00	 0.0000000000e+00	-1.0102063643e-03	 0.0000000000e+00	-1.5762287914e-27	 5.6789810675e-15	-4.5402988872e-15	 2.1645363695e-02	-1.0048271080e-02	
 0.0000000000e+00	-1.0131658895e-15	 6.2344581835e-04	-9.9960711712e-01	-1.6607660806e-14	 0.0000000000e+00	 0.0000000000e+00	-2.4578101545e-02	 1.3458812554e-02	 0.0000000000e+00	-1.4439474982e-17	 0.0000000000e+00	 0.0000000000e+00	 0.0000000000e+00	 0.0000000000e+00	 0.0000000000e+00	
 0.0000000000e+00	-1.1175601309e-25	 9.9960711712e-01	 6.2344581835e-04	-1.6726778023e-13	 0.0000000000e+00	 0.0000000000e+00	-1.3458812554e-02	-2.4578101545e-02	 0.0000000000e+00	 1.7585522761e-14	 0.0000000000e+00	 0.0000000000e+00	 0.0000000000e+00	 0.0000000000e+00	 0.0000000000e+00	
 0.0000000000e+00	 1.0000000000e+00	 5.4500520197e-19	-8.7383851475e-16	-6.4140046173e-15	 0.0000000000e+00	 0.0000000000e+00	-4.1616614408e-15	 2.2788994155e-15	 0.0000000000e+00	 3.0194100003e-27	 0.0000000000e+00	 0.0000000000e+00	 0.0000000000e+00	 0.0000000000e+00	 0.0000000000e+00	
 1.0837844642e-17	 1.7300103604e-40	 3.9437835439e-17	 2.4597017330e-20	 1.9326488749e-27	 1.0000000000e+00	-2.5048003363e-16	 1.0466322797e-18	 1.9113301667e-18	 3.2497890430e-17	-5.3508234517e-14	-6.9813130288e-16	-7.2780261813e-17	 4.8335435392e-17	-1.6717907801e-17	 1.4391148262e-20	
 0.0000000000e+00	-6.4157409084e-15	-1.6756100297e-13	 1.6458754438e-14	-1.0000000000e+00	 0.0000000000e+00	 0.0000000000e+00	 2.8034665675e-16	-3.3269963720e-15	 0.0000000000e+00	-3.6305939107e-14	 0.0000000000e+00	 0.0000000000e+00	 0.0000000000e+00	 0.0000000000e+00	 0.0000000000e+00	
 0.0000000000e+00	-4.6482161328e-15	-1.7476953000e-05	 2.8021820167e-02	-1.3915633240e-15	 0.0000000000e+00	 0.0000000000e+00	-8.7676121977e-01	 4.8010888432e-01	 0.0000000000e+00	-1.2246256359e-15	 0.0000000000e+00	 0.0000000000e+00	 0.0000000000e+00	 0.0000000000e+00	 0.0000000000e+00	
 0.0000000000e+00	 1.9214925692e-27	-2.8021820167e-02	-1.7476952998e-05	 7.4781541218e-15	 0.0000000000e+00	 0.0000000000e+00	-4.8010888432e-01	-8.7676121977e-01	 0.0000000000e+00	-8.5303076652e-15	 0.0000000000e+00	 0.0000000000e+00	 0.0000000000e+00	 0.0000000000e+00	 0.0000000000e+00	
-5.4375685205e-02	-2.8848832339e-55	-6.6154967734e-31	-4.1260248435e-34	-3.8554927116e-42	-2.4571762533e-16	-9.8563832436e-01	 8.3235842466e-31	 1.5200293340e-30	 6.7127281804e-02	 1.0920499093e-28	 7.1991929058e-17	-1.0289306210e-16	-4.7372286218e-14	 1.4510094214e-01	 1.5179736414e-04	
 1.2852513597e-31	-3.2639577538e-27	-1.7893813079e-14	 9.0928627528e-18	-3.6321303514e-14	 5.3654997363e-14	-5.8220322489e-29	-4.9750443628e-15	-6.5116654212e-15	-2.1648559083e-26	 9.9990026508e-01	 1.4123026713e-02	-4.1757850366e-16	-1.3374363935e-15	-5.4398334942e-29	 4.8095525804e-34	
-4.6693010143e-30	 4.6101560480e-29	 2.5026976727e-16	-1.2997221866e-19	 5.1301790556e-16	-5.7139408063e-17	-1.4079672922e-27	 4.1193515193e-17	 3.8875507305e-17	-1.3995716540e-24	-1.4123026713e-02	 9.9990026508e-01	-2.6647363528e-14	-1.1643190868e-13	-6.3680918747e-27	 8.5960026189e-32	
 1.3630850136e-02	 4.0828798869e-54	 1.0130384482e-29	 6.3182281659e-33	 5.3836987630e-41	 4.1914183309e-17	 2.0346019819e-02	 9.4486575434e-31	 1.7254870266e-30	-8.4498674123e-01	-1.5308255265e-27	 4.1637416062e-17	 1.1689406753e-13	-1.5523479185e-13	 5.3422612319e-01	-3.0957812552e-04	
-6.2884355652e-16	 1.0885701352e-43	-2.5407265602e-18	-1.5846279224e-21	 4.3920488077e-31	 6.8565336620e-17	-3.2094973426e-14	-1.5701483725e-17	-2.8673603993e-17	 2.0834883958e-15	 7.1476568505e-19	 4.0301095794e-14	 9.9316853062e-01	 1.1668877321e-01	-1.7872805344e-13	 1.1904289424e-17	
 1.0882840100e-15	-8.2708484469e-43	-5.3264816062e-19	-3.3220778707e-22	-1.1072417167e-29	 5.9612317002e-17	 1.7087148725e-14	 1.5556861031e-17	 2.8409498135e-17	 5.2291141162e-14	 3.0641332808e-16	-1.1224354779e-13	 1.1668877321e-01	-9.9316853062e-01	-2.3223215894e-13	 2.9398651602e-17	
 2.6688159067e-02	-2.6819942177e-54	-6.6217549042e-30	-4.1299279824e-33	-3.5400705712e-41	 3.6569467137e-17	 1.5722002488e-01	 2.1187389874e-31	 3.8691810125e-31	 5.3055660799e-01	 1.0063857738e-27	 8.0154959135e-17	 1.7094983114e-13	-1.4407803634e-13	 8.3251369162e-01	-4.9489978208e-04	
-1.0003206728e-02	 0.0000000000e+00	 0.0000000000e+00	 0.0000000000e+00	 0.0000000000e+00	 3.1254697847e-19	 8.1832347107e-04	 0.0000000000e+00	 0.0000000000e+00	-1.9358614439e-05	 0.0000000000e+00	-3.1953333295e-29	 1.6252277527e-16	-1.2993562876e-16	 7.7290726881e-04	 9.9994933294e-01	



------ Perturbative approach (cf. Guégan et al., PCCP 2020) ------

Warning: degeneracy detected between states 1 and 2 (|E_i - E_j| < 1e-10).
The dp_2coefficient for the state 1and the dp_1 coefficient for the state 2 will be set to zero to avoid division by zero.
Warning: degeneracy detected between states 4 and 5 (|E_i - E_j| < 1e-10).
The dp_5coefficient for the state 4and the dp_4 coefficient for the state 5 will be set to zero to avoid division by zero.
Warning: degeneracy detected between states 6 and 7 (|E_i - E_j| < 1e-10).
The dp_7coefficient for the state 6and the dp_6 coefficient for the state 7 will be set to zero to avoid division by zero.
Warning: degeneracy detected between states 9 and 10 (|E_i - E_j| < 1e-10).
The dp_10coefficient for the state 9and the dp_9 coefficient for the state 10 will be set to zero to avoid division by zero.
Warning: the dp_14 coefficient for the state 11 and the dp_11 coefficient for the state 14 are greater than 1 (dp_14 = 0).
They will be set to 0 to maintain the normalisation condition on dp_k (limitation of the perturbative approach).
Warning: degeneracy detected between states 12 and 13 (|E_i - E_j| < 1e-10).
The dp_13coefficient for the state 12and the dp_12 coefficient for the state 13 will be set to zero to avoid division by zero.

dp_k values for ground state, using Eq. (27). Excited states are on the columns:
 9.9723518401e-01	 0.0000000000e+00	 0.0000000000e+00	 0.0000000000e+00	 0.0000000000e+00	 0.0000000000e+00	 0.0000000000e+00	 0.0000000000e+00	 1.8445685519e-03	 0.0000000000e+00	 0.0000000000e+00	 2.5903161473e-04	 0.0000000000e+00	 0.0000000000e+00	 5.6143880754e-04	 9.9777017682e-05	

Renormalized dp_k values. Excited states are on the columns:
 9.9724280714e-01	 0.0000000000e+00	 0.0000000000e+00	 0.0000000000e+00	 0.0000000000e+00	 0.0000000000e+00	 0.0000000000e+00	 0.0000000000e+00	 1.8445685519e-03	 0.0000000000e+00	 0.0000000000e+00	 2.5903161473e-04	 0.0000000000e+00	 0.0000000000e+00	 5.6143880754e-04	 9.9777017682e-05	
 0.0000000000e+00	 9.9921919535e-01	 0.0000000000e+00	 0.0000000000e+00	 0.0000000000e+00	 0.0000000000e+00	 7.8141478275e-04	 0.0000000000e+00	 0.0000000000e+00	 0.0000000000e+00	 0.0000000000e+00	 0.0000000000e+00	 0.0000000000e+00	 0.0000000000e+00	 0.0000000000e+00	 0.0000000000e+00	
 0.0000000000e+00	 0.0000000000e+00	 9.9921919535e-01	 0.0000000000e+00	 0.0000000000e+00	 0.0000000000e+00	 0.0000000000e+00	 7.8141478275e-04	 0.0000000000e+00	 0.0000000000e+00	 0.0000000000e+00	 0.0000000000e+00	 0.0000000000e+00	 0.0000000000e+00	 0.0000000000e+00	 0.0000000000e+00	
 0.0000000000e+00	 0.0000000000e+00	 0.0000000000e+00	 1.0000000000e+00	 0.0000000000e+00	 2.5534213553e-30	 0.0000000000e+00	 0.0000000000e+00	 0.0000000000e+00	 0.0000000000e+00	 0.0000000000e+00	 0.0000000000e+00	 0.0000000000e+00	 0.0000000000e+00	 0.0000000000e+00	 0.0000000000e+00	
 0.0000000000e+00	 0.0000000000e+00	 0.0000000000e+00	 0.0000000000e+00	 1.0000000000e+00	 0.0000000000e+00	 0.0000000000e+00	 0.0000000000e+00	 3.9300443899e-32	 0.0000000000e+00	 0.0000000000e+00	 1.3893767968e-33	 0.0000000000e+00	 0.0000000000e+00	 2.3094204897e-34	 0.0000000000e+00	
 0.0000000000e+00	 0.0000000000e+00	 0.0000000000e+00	 2.5534213553e-30	 0.0000000000e+00	 1.0000000000e+00	 0.0000000000e+00	 0.0000000000e+00	 0.0000000000e+00	 0.0000000000e+00	 0.0000000000e+00	 0.0000000000e+00	 0.0000000000e+00	 0.0000000000e+00	 0.0000000000e+00	 0.0000000000e+00	
 0.0000000000e+00	 7.8141478275e-04	 0.0000000000e+00	 0.0000000000e+00	 0.0000000000e+00	 0.0000000000e+00	 9.9921919535e-01	 0.0000000000e+00	 0.0000000000e+00	 0.0000000000e+00	 0.0000000000e+00	 0.0000000000e+00	 0.0000000000e+00	 0.0000000000e+00	 0.0000000000e+00	 0.0000000000e+00	
 0.0000000000e+00	 0.0000000000e+00	 7.8141478275e-04	 0.0000000000e+00	 0.0000000000e+00	 0.0000000000e+00	 0.0000000000e+00	 9.9921919535e-01	 0.0000000000e+00	 0.0000000000e+00	 0.0000000000e+00	 0.0000000000e+00	 0.0000000000e+00	 0.0000000000e+00	 0.0000000000e+00	 0.0000000000e+00	
 1.8445685519e-03	 0.0000000000e+00	 0.0000000000e+00	 0.0000000000e+00	 3.9300443899e-32	 0.0000000000e+00	 0.0000000000e+00	 0.0000000000e+00	 9.5507109263e-01	 0.0000000000e+00	 0.0000000000e+00	 9.8214997091e-03	 0.0000000000e+00	 0.0000000000e+00	 3.5376406077e-02	 0.0000000000e+00	
 0.0000000000e+00	 0.0000000000e+00	 0.0000000000e+00	 0.0000000000e+00	 0.0000000000e+00	 0.0000000000e+00	 0.0000000000e+00	 0.0000000000e+00	 0.0000000000e+00	 1.0000000000e+00	 0.0000000000e+00	 0.0000000000e+00	 0.0000000000e+00	 0.0000000000e+00	 0.0000000000e+00	 0.0000000000e+00	
 0.0000000000e+00	 0.0000000000e+00	 0.0000000000e+00	 0.0000000000e+00	 0.0000000000e+00	 0.0000000000e+00	 0.0000000000e+00	 0.0000000000e+00	 0.0000000000e+00	 0.0000000000e+00	 1.0000000000e+00	 0.0000000000e+00	 0.0000000000e+00	 0.0000000000e+00	 0.0000000000e+00	 0.0000000000e+00	
 9.8365115537e-05	 0.0000000000e+00	 0.0000000000e+00	 0.0000000000e+00	 5.2760435933e-34	 0.0000000000e+00	 0.0000000000e+00	 0.0000000000e+00	 3.7296333679e-03	 0.0000000000e+00	 0.0000000000e+00	 9.9618659921e-01	 0.0000000000e+00	 0.0000000000e+00	 0.0000000000e+00	 0.0000000000e+00	
 0.0000000000e+00	 0.0000000000e+00	 0.0000000000e+00	 0.0000000000e+00	 0.0000000000e+00	 0.0000000000e+00	 0.0000000000e+00	 0.0000000000e+00	 0.0000000000e+00	 0.0000000000e+00	 0.0000000000e+00	 0.0000000000e+00	 1.0000000000e+00	 0.0000000000e+00	 0.0000000000e+00	 0.0000000000e+00	
 0.0000000000e+00	 0.0000000000e+00	 0.0000000000e+00	 0.0000000000e+00	 0.0000000000e+00	 0.0000000000e+00	 0.0000000000e+00	 0.0000000000e+00	 0.0000000000e+00	 0.0000000000e+00	 0.0000000000e+00	 0.0000000000e+00	 0.0000000000e+00	 1.0000000000e+00	 0.0000000000e+00	 0.0000000000e+00	
 2.1112865485e-04	 0.0000000000e+00	 0.0000000000e+00	 0.0000000000e+00	 8.6845589389e-35	 0.0000000000e+00	 0.0000000000e+00	 0.0000000000e+00	 1.3303271751e-02	 0.0000000000e+00	 0.0000000000e+00	 0.0000000000e+00	 0.0000000000e+00	 0.0000000000e+00	 9.8666580327e-01	 0.0000000000e+00	
 9.9777017682e-05	 0.0000000000e+00	 0.0000000000e+00	 0.0000000000e+00	 0.0000000000e+00	 0.0000000000e+00	 0.0000000000e+00	 0.0000000000e+00	 0.0000000000e+00	 0.0000000000e+00	 0.0000000000e+00	 0.0000000000e+00	 0.0000000000e+00	 0.0000000000e+00	 0.0000000000e+00	 9.9990023294e-01	

E_polarisation and dS using respectively Eq. (26) and Eq. (32) in Guégan et al., PCCP 2020:
dS (J/mol/K) and |E_polarisation| (J/mol) for each state:
 1.7981433011e-01	 5.2971916493e-02	 5.2971916493e-02	 1.4466369597e-27	 2.4652191499e-29	 1.4466369597e-27	 5.2971916493e-02	 5.2971916493e-02	 1.8220389071e+00	 0.0000000000e+00	 0.0000000000e+00	 2.1258217881e-01	 0.0000000000e+00	 0.0000000000e+00	 6.0278552535e-01	 8.4721473495e-03	
-6.4393228383e+03	-6.0274584586e+02	-6.0274584586e+02	-2.3289139391e-25	-3.2162863312e-26	 2.3289139391e-25	 6.0274584586e+02	 6.0274584586e+02	-6.7564952320e+04	 0.0000000000e+00	 0.0000000000e+00	 4.8416490010e+03	 0.0000000000e+00	 0.0000000000e+00	 2.2836270127e+04	 5.2762512520e+02	

------ Variational approach ------

dp_k values:
 9.9604516280e-01	 0.0000000000e+00	 0.0000000000e+00	 0.0000000000e+00	 0.0000000000e+00	 6.6475794913e-34	 3.3843271581e-03	 0.0000000000e+00	 0.0000000000e+00	 1.0205168984e-06	 0.0000000000e+00	 2.4844972027e-54	 3.2250825965e-29	 2.0614313985e-29	 4.6852176949e-04	 1.0096775170e-04	
 0.0000000000e+00	 1.0265051196e-30	 3.8868468842e-07	 9.9921438860e-01	 2.7581439745e-28	 0.0000000000e+00	 0.0000000000e+00	 6.0408307556e-04	 1.8113963536e-04	 0.0000000000e+00	 2.0849843775e-34	 0.0000000000e+00	 0.0000000000e+00	 0.0000000000e+00	 0.0000000000e+00	 0.0000000000e+00	
 0.0000000000e+00	 1.2489406462e-50	 9.9921438860e-01	 3.8868468842e-07	 2.7978510304e-26	 0.0000000000e+00	 0.0000000000e+00	 1.8113963536e-04	 6.0408307556e-04	 0.0000000000e+00	 3.0925061078e-28	 0.0000000000e+00	 0.0000000000e+00	 0.0000000000e+00	 0.0000000000e+00	 0.0000000000e+00	
 0.0000000000e+00	 1.0000000000e+00	 2.9703067017e-37	 7.6359374987e-31	 4.1139455230e-29	 0.0000000000e+00	 0.0000000000e+00	 1.7319425948e-29	 5.1933825459e-30	 0.0000000000e+00	 9.1168367501e-54	 0.0000000000e+00	 0.0000000000e+00	 0.0000000000e+00	 0.0000000000e+00	 0.0000000000e+00	
 1.1745887648e-34	 2.9929358470e-80	 1.5553428641e-33	 6.0501326155e-40	 3.7351316738e-54	 1.0000000000e+00	 6.2740247246e-32	 1.0954391288e-36	 3.6531830063e-36	 1.0561128824e-33	 2.8631311611e-27	 4.8738731605e-31	 5.2969665096e-33	 2.3363143145e-33	 2.7948844125e-34	 2.0710514830e-40	
 0.0000000000e+00	 4.1161731404e-29	 2.8076689716e-26	 2.7089059765e-28	 1.0000000000e+00	 0.0000000000e+00	 0.0000000000e+00	 7.8594247951e-32	 1.1068904860e-29	 0.0000000000e+00	 1.3181212145e-27	 0.0000000000e+00	 0.0000000000e+00	 0.0000000000e+00	 0.0000000000e+00	 0.0000000000e+00	
 0.0000000000e+00	 2.1605913217e-29	 3.0544388618e-10	 7.8522240548e-04	 1.9364484847e-30	 0.0000000000e+00	 0.0000000000e+00	 7.6871023649e-01	 2.3050454080e-01	 0.0000000000e+00	 1.4997079481e-30	 0.0000000000e+00	 0.0000000000e+00	 0.0000000000e+00	 0.0000000000e+00	 0.0000000000e+00	
 0.0000000000e+00	 3.6921336937e-54	 7.8522240548e-04	 3.0544388610e-10	 5.5922789069e-29	 0.0000000000e+00	 0.0000000000e+00	 2.3050454080e-01	 7.6871023649e-01	 0.0000000000e+00	 7.2766148863e-29	 0.0000000000e+00	 0.0000000000e+00	 0.0000000000e+00	 0.0000000000e+00	 0.0000000000e+00	
 2.9567151415e-03	8.3225512730e-110	 4.3764797559e-61	 1.7024081009e-67	 1.4864824049e-83	 6.0377151397e-32	 9.7148290644e-01	 6.9282054710e-61	 2.3104891763e-60	 4.5060719624e-03	 1.1925730045e-56	 5.1828378495e-33	 1.0586982229e-32	 2.2441335015e-27	 2.1054283410e-02	 2.3042439759e-08	
 1.6518710577e-62	 1.0653420218e-53	 3.2018854651e-28	 8.2680153040e-35	 1.3192370890e-27	 2.8788587420e-27	 3.3896059508e-57	 2.4751066412e-29	 4.2401786558e-29	 4.6866011038e-52	 9.9980054012e-01	 1.9945988352e-04	 1.7437180672e-31	 1.7887361067e-30	 2.9591788445e-57	 2.3131796024e-67	
 2.1802371962e-59	 2.1253538787e-57	 6.2634956408e-32	 1.6892777624e-38	 2.6318737143e-31	 3.2649119538e-33	 1.9823718958e-54	 1.6969056939e-33	 1.5113050682e-33	 1.9588008146e-48	 1.9945988352e-04	 9.9980054012e-01	 7.1008198300e-28	 1.3556389359e-26	 4.0552594125e-53	 7.3891261025e-63	
 1.8580007544e-04	1.6669908171e-107	 1.0262468975e-58	 3.9920007157e-65	 2.8984212371e-81	 1.7567987624e-33	 4.1396052249e-04	 8.9277129373e-61	 2.9773054791e-60	 7.1400259286e-01	 2.3434267924e-54	 1.7336744164e-33	 1.3664223023e-26	 2.4097840601e-26	 2.8539755070e-01	 9.5838615800e-08	
 3.9544421857e-31	 1.1849849391e-86	 6.4552914538e-36	 2.5110456526e-42	 1.9290092729e-61	 4.7012053858e-33	 1.0300873192e-27	 2.4653659116e-34	 8.2217556598e-34	 4.3409238956e-30	 5.1088998452e-37	 1.6241783222e-27	 9.8638373021e-01	 1.3616269792e-02	 3.1943717088e-26	 1.4171210669e-34	
 1.1843620865e-30	 6.8406934031e-85	 2.8371406301e-37	 1.1036201379e-43	 1.2259842193e-58	 3.5536283384e-33	 2.9197065155e-28	 2.4201592515e-34	 8.0709958428e-34	 2.7343634440e-27	 9.3889127625e-32	 1.2598614020e-26	 1.3616269792e-02	 9.8638373021e-01	 5.3931775644e-26	 8.6428071603e-34	
 7.1225783439e-04	7.1930929836e-108	 4.3847638012e-59	 1.7056305140e-65	 1.2532099649e-81	 1.3373259267e-33	 2.4718136222e-02	 4.4890548966e-62	 1.4970561707e-61	 2.8149031428e-01	 1.0128123258e-54	 6.4248174740e-33	 2.9223844767e-26	 2.0758480555e-26	 6.9307904673e-01	 2.4492579431e-07	
 1.0006414484e-04	 0.0000000000e+00	 0.0000000000e+00	 0.0000000000e+00	 0.0000000000e+00	 9.7685613752e-38	 6.6965330330e-07	 0.0000000000e+00	 0.0000000000e+00	 3.7475595301e-10	 0.0000000000e+00	 1.0210155087e-57	 2.6413652480e-32	 1.6883267620e-32	 5.9738564617e-07	 9.9989866844e-01	


E_polarisation and dS:
dS (J/mol/K) and |E_polarisation| (J/mol) for each state:
 2.3059162546e-01	 5.6780505620e-02	 5.6780505620e-02	 3.5245291506e-26	 5.5385447031e-15	-3.6923631198e-15	 4.5403478752e+00	 4.5403478752e+00	 1.2550884888e+00	 1.5787649105e-02	 1.5787649105e-02	 5.0152799360e+00	 5.9885175002e-01	 5.9885175002e-01	 5.8829129555e+00	 8.6551586340e-03	
-7.5931249279e+03	-8.2298971879e+04	-6.8833407597e+02	 8.1732724842e+04	-4.9614139449e-21	 2.5955744573e-21	-3.0984130689e+04	-1.0452924648e+05	 9.8544712718e+04	-4.4382710855e+01	-2.2247009023e+05	 3.3672721338e+04	 2.5253687534e-21	 7.8215184877e-21	 2.3412539568e+05	 5.3272641742e+02	

====================== LOOP #2: charge of 0.1 e on Oxygen at position (0, 0, 0.912008824) ======================

Sorted Eigenvalues:
-1.1332695668e+02 -1.1302891351e+02 -1.1302891351e+02 -1.1300460563e+02 -1.1293375344e+02 -1.1293375344e+02 -1.1273591083e+02 -1.1265650455e+02 -1.1265650455e+02 -1.1243470506e+02 -1.1227746879e+02 -1.1227746879e+02 -1.1195641174e+02 -1.1195641174e+02 -1.1179130440e+02 -1.1126917564e+02 

Sorted Eigenvectors (columns): 
 9.9434809738e-01	 0.0000000000e+00	 0.0000000000e+00	 0.0000000000e+00	 0.0000000000e+00	 0.0000000000e+00	 9.1644919660e-02	 0.0000000000e+00	 0.0000000000e+00	 3.9415455194e-02	 0.0000000000e+00	-3.1546677205e-28	-6.1823950274e-16	 2.1514875518e-15	-2.6553636225e-02	 2.4787017378e-02	
 0.0000000000e+00	-9.9765921191e-01	-4.2321189142e-03	-9.8866964717e-14	-1.0117421125e-14	 1.1225698396e-15	 0.0000000000e+00	 6.8250905145e-02	 9.7495594443e-15	 0.0000000000e+00	 0.0000000000e+00	 0.0000000000e+00	 0.0000000000e+00	 0.0000000000e+00	 0.0000000000e+00	 0.0000000000e+00	
 0.0000000000e+00	 4.2321189142e-03	-9.9765921191e-01	 6.0931616319e-26	 2.3092233674e-14	 1.4663168347e-13	 0.0000000000e+00	-1.4933367043e-14	 6.8250905145e-02	 0.0000000000e+00	 0.0000000000e+00	 0.0000000000e+00	 0.0000000000e+00	 0.0000000000e+00	 0.0000000000e+00	 0.0000000000e+00	
 0.0000000000e+00	-9.9026177984e-14	-4.2007386470e-16	 1.0000000000e+00	-1.0230705172e-13	-8.5542684042e-14	 0.0000000000e+00	 2.1692492241e-15	 1.1070932091e-28	 0.0000000000e+00	 0.0000000000e+00	 0.0000000000e+00	 0.0000000000e+00	 0.0000000000e+00	 0.0000000000e+00	 0.0000000000e+00	
 0.0000000000e+00	-9.3315326768e-15	-3.9584815623e-17	 8.7874152399e-14	 9.8782529853e-01	-1.5556728316e-01	 0.0000000000e+00	 1.2797018745e-14	 1.1527563581e-27	 0.0000000000e+00	 0.0000000000e+00	 0.0000000000e+00	 0.0000000000e+00	 0.0000000000e+00	 0.0000000000e+00	 0.0000000000e+00	
 0.0000000000e+00	 9.0600726387e-16	-1.4898559267e-13	-1.0036416143e-13	-1.5556728316e-01	-9.8782529853e-01	 0.0000000000e+00	-2.8029065426e-15	-3.4983140671e-15	 0.0000000000e+00	 0.0000000000e+00	 0.0000000000e+00	 0.0000000000e+00	 0.0000000000e+00	 0.0000000000e+00	 0.0000000000e+00	
 0.0000000000e+00	 6.8250291067e-02	 2.8952105516e-04	 4.6070013616e-15	-1.2427577333e-14	-8.5464628532e-16	 0.0000000000e+00	 9.9766818830e-01	 1.8058452249e-13	 0.0000000000e+00	 0.0000000000e+00	 0.0000000000e+00	 0.0000000000e+00	 0.0000000000e+00	 0.0000000000e+00	 0.0000000000e+00	
 0.0000000000e+00	-2.8952105516e-04	 6.8250291067e-02	-4.4953238684e-27	-2.1248513666e-15	-1.3492438082e-14	 0.0000000000e+00	-1.8022975283e-13	 9.9766818830e-01	 0.0000000000e+00	 2.1653492403e-14	 0.0000000000e+00	 0.0000000000e+00	 0.0000000000e+00	 0.0000000000e+00	 0.0000000000e+00	
-9.2053201510e-02	-9.7920523960e-45	 2.3083309979e-42	-1.5204485173e-67	-7.1865778134e-56	-4.5633524157e-55	 9.6518497491e-01	-6.0956500688e-54	 3.3742689865e-41	 1.8539408037e-01	-1.5619445923e-27	 1.1005250891e-17	-2.3024507321e-14	-3.5272179312e-14	 1.5991468325e-01	 7.0805432496e-04	
 5.3161191494e-46	-6.2691419683e-18	 1.4778571591e-15	-9.7328586138e-41	-4.6010452923e-29	-2.9215840550e-28	-1.1177755110e-43	-3.9026033280e-27	 2.1603000536e-14	 1.2007606552e-42	-1.0000000000e+00	-5.3932143636e-14	 4.7189396708e-14	 1.3560082712e-14	 3.0897667587e-43	-2.4528328629e-47	
-3.2180972778e-30	 3.3964090831e-31	-8.0065302462e-29	 5.2731342258e-54	 2.4926907225e-42	 1.5828154270e-41	 6.7664215720e-28	 2.1142985003e-40	-1.1703775032e-27	-7.2687697306e-27	 5.4176617794e-14	-1.0000000000e+00	-1.2661350184e-13	-1.0026662050e-13	-1.8703813282e-27	 1.4848152454e-31	
 4.0122773123e-02	-9.7524885479e-45	 2.2990044080e-42	-1.5142906556e-67	-7.1575411353e-56	-4.5449146282e-55	 8.1038291333e-02	-6.0710212412e-54	 3.3606355764e-41	-8.4983660139e-01	-1.5556337051e-27	-4.1493788253e-17	-1.5759525652e-14	-5.9567634490e-14	 5.1922854137e-01	-1.5592245410e-03	
-3.0668497121e-16	 2.0751532750e-31	-4.8918658074e-29	 3.2218690811e-54	 1.5229953724e-42	 9.6707567804e-42	 1.0749636840e-14	 1.2918036298e-40	-7.1508250312e-28	-7.4643877569e-15	 3.3101073248e-14	-5.5677684685e-14	 8.5232319156e-01	-5.2301546548e-01	-4.7671340531e-14	 1.4844419884e-17	
-1.7965908062e-15	 2.2699543150e-31	-5.3510803428e-29	 3.5245565442e-54	 1.6659636466e-42	 1.0578580555e-41	 3.3684123717e-14	 1.4130692619e-40	-7.8220950381e-28	-1.7339253225e-14	 3.6208373116e-14	-1.5204504322e-13	 5.2301546548e-01	 8.5232319156e-01	 8.0063537429e-14	-6.2269331591e-17	
 2.4257131494e-02	-1.9683014412e-45	 4.6399784705e-43	-3.0562916891e-68	-1.4445747322e-56	-9.1727993002e-56	-2.3117511606e-01	-1.2252873218e-54	 6.7826214981e-42	 4.9178274388e-01	-3.1396664028e-28	-4.1428450557e-17	 1.2738093868e-14	-6.7672234261e-14	 8.3911694790e-01	-1.4621417288e-03	
-2.4491304073e-02	 0.0000000000e+00	 0.0000000000e+00	 0.0000000000e+00	 0.0000000000e+00	 0.0000000000e+00	-3.1676427798e-03	 0.0000000000e+00	 0.0000000000e+00	-1.7148218864e-03	 0.0000000000e+00	 1.5867758518e-29	 4.5651249787e-17	-1.5886738910e-16	 2.5822588839e-03	 9.9969021871e-01	



------ Perturbative approach (cf. Guégan et al., PCCP 2020) ------

Warning: degeneracy detected between states 1 and 2 (|E_i - E_j| < 1e-10).
The dp_2coefficient for the state 1and the dp_1 coefficient for the state 2 will be set to zero to avoid division by zero.
Warning: degeneracy detected between states 4 and 5 (|E_i - E_j| < 1e-10).
The dp_5coefficient for the state 4and the dp_4 coefficient for the state 5 will be set to zero to avoid division by zero.
Warning: degeneracy detected between states 6 and 7 (|E_i - E_j| < 1e-10).
The dp_7coefficient for the state 6and the dp_6 coefficient for the state 7 will be set to zero to avoid division by zero.
Warning: degeneracy detected between states 9 and 10 (|E_i - E_j| < 1e-10).
The dp_10coefficient for the state 9and the dp_9 coefficient for the state 10 will be set to zero to avoid division by zero.
Warning: the dp_14 coefficient for the state 11 and the dp_11 coefficient for the state 14 are greater than 1 (dp_14 = 0).
They will be set to 0 to maintain the normalisation condition on dp_k (limitation of the perturbative approach).
Warning: degeneracy detected between states 12 and 13 (|E_i - E_j| < 1e-10).
The dp_13coefficient for the state 12and the dp_12 coefficient for the state 13 will be set to zero to avoid division by zero.

dp_k values for ground state, using Eq. (27). Excited states are on the columns:
 9.9097847565e-01	 0.0000000000e+00	 0.0000000000e+00	 0.0000000000e+00	 0.0000000000e+00	 0.0000000000e+00	 0.0000000000e+00	 0.0000000000e+00	 6.1643277525e-03	 0.0000000000e+00	 0.0000000000e+00	 1.7087638494e-03	 0.0000000000e+00	 0.0000000000e+00	 5.1594956394e-04	 6.3248318889e-04	

Renormalized dp_k values. Excited states are on the columns:
 9.9105913587e-01	 0.0000000000e+00	 0.0000000000e+00	 0.0000000000e+00	 0.0000000000e+00	 0.0000000000e+00	 0.0000000000e+00	 0.0000000000e+00	 6.1643277525e-03	 0.0000000000e+00	 0.0000000000e+00	 1.7087638494e-03	 0.0000000000e+00	 0.0000000000e+00	 5.1594956394e-04	 6.3248318889e-04	
 0.0000000000e+00	 9.9260523109e-01	 0.0000000000e+00	 0.0000000000e+00	 0.0000000000e+00	 0.0000000000e+00	 7.4498588999e-03	 0.0000000000e+00	 0.0000000000e+00	 0.0000000000e+00	 0.0000000000e+00	 0.0000000000e+00	 0.0000000000e+00	 0.0000000000e+00	 0.0000000000e+00	 0.0000000000e+00	
 0.0000000000e+00	 0.0000000000e+00	 9.9260523109e-01	 0.0000000000e+00	 0.0000000000e+00	 0.0000000000e+00	 0.0000000000e+00	 7.4498588999e-03	 0.0000000000e+00	 0.0000000000e+00	 0.0000000000e+00	 0.0000000000e+00	 0.0000000000e+00	 0.0000000000e+00	 0.0000000000e+00	 0.0000000000e+00	
 0.0000000000e+00	 0.0000000000e+00	 0.0000000000e+00	 1.0000000000e+00	 0.0000000000e+00	 0.0000000000e+00	 0.0000000000e+00	 0.0000000000e+00	 0.0000000000e+00	 0.0000000000e+00	 0.0000000000e+00	 0.0000000000e+00	 0.0000000000e+00	 0.0000000000e+00	 0.0000000000e+00	 0.0000000000e+00	
 0.0000000000e+00	 0.0000000000e+00	 0.0000000000e+00	 0.0000000000e+00	 1.0000000000e+00	 0.0000000000e+00	 0.0000000000e+00	 0.0000000000e+00	 0.0000000000e+00	 0.0000000000e+00	 0.0000000000e+00	 0.0000000000e+00	 0.0000000000e+00	 0.0000000000e+00	 0.0000000000e+00	 0.0000000000e+00	
 0.0000000000e+00	 0.0000000000e+00	 0.0000000000e+00	 0.0000000000e+00	 0.0000000000e+00	 1.0000000000e+00	 0.0000000000e+00	 0.0000000000e+00	 0.0000000000e+00	 0.0000000000e+00	 0.0000000000e+00	 0.0000000000e+00	 0.0000000000e+00	 0.0000000000e+00	 0.0000000000e+00	 0.0000000000e+00	
 0.0000000000e+00	 7.4498588999e-03	 0.0000000000e+00	 0.0000000000e+00	 0.0000000000e+00	 0.0000000000e+00	 9.9260523109e-01	 0.0000000000e+00	 0.0000000000e+00	 0.0000000000e+00	 0.0000000000e+00	 0.0000000000e+00	 0.0000000000e+00	 0.0000000000e+00	 0.0000000000e+00	 0.0000000000e+00	
 0.0000000000e+00	 0.0000000000e+00	 7.4498588999e-03	 0.0000000000e+00	 0.0000000000e+00	 0.0000000000e+00	 0.0000000000e+00	 9.9260523109e-01	 0.0000000000e+00	 0.0000000000e+00	 0.0000000000e+00	 0.0000000000e+00	 0.0000000000e+00	 0.0000000000e+00	 0.0000000000e+00	 0.0000000000e+00	
 6.1643277525e-03	 0.0000000000e+00	 0.0000000000e+00	 0.0000000000e+00	 0.0000000000e+00	 0.0000000000e+00	 0.0000000000e+00	 0.0000000000e+00	 9.3318891119e-01	 0.0000000000e+00	 0.0000000000e+00	 5.0931483397e-03	 0.0000000000e+00	 0.0000000000e+00	 6.0336911717e-02	 0.0000000000e+00	
 0.0000000000e+00	 0.0000000000e+00	 0.0000000000e+00	 0.0000000000e+00	 0.0000000000e+00	 0.0000000000e+00	 0.0000000000e+00	 0.0000000000e+00	 0.0000000000e+00	 1.0000000000e+00	 0.0000000000e+00	 0.0000000000e+00	 0.0000000000e+00	 0.0000000000e+00	 0.0000000000e+00	 0.0000000000e+00	
 0.0000000000e+00	 0.0000000000e+00	 0.0000000000e+00	 0.0000000000e+00	 0.0000000000e+00	 0.0000000000e+00	 0.0000000000e+00	 0.0000000000e+00	 0.0000000000e+00	 0.0000000000e+00	 1.0000000000e+00	 0.0000000000e+00	 0.0000000000e+00	 0.0000000000e+00	 0.0000000000e+00	 0.0000000000e+00	
 4.4187455636e-04	 0.0000000000e+00	 0.0000000000e+00	 0.0000000000e+00	 0.0000000000e+00	 0.0000000000e+00	 0.0000000000e+00	 0.0000000000e+00	 1.3170530637e-03	 0.0000000000e+00	 0.0000000000e+00	 9.9824416077e-01	 0.0000000000e+00	 0.0000000000e+00	 0.0000000000e+00	 0.0000000000e+00	
 0.0000000000e+00	 0.0000000000e+00	 0.0000000000e+00	 0.0000000000e+00	 0.0000000000e+00	 0.0000000000e+00	 0.0000000000e+00	 0.0000000000e+00	 0.0000000000e+00	 0.0000000000e+00	 0.0000000000e+00	 0.0000000000e+00	 1.0000000000e+00	 0.0000000000e+00	 0.0000000000e+00	 0.0000000000e+00	
 0.0000000000e+00	 0.0000000000e+00	 0.0000000000e+00	 0.0000000000e+00	 0.0000000000e+00	 0.0000000000e+00	 0.0000000000e+00	 0.0000000000e+00	 0.0000000000e+00	 0.0000000000e+00	 0.0000000000e+00	 0.0000000000e+00	 0.0000000000e+00	 1.0000000000e+00	 0.0000000000e+00	 0.0000000000e+00	
 1.3158185552e-04	 0.0000000000e+00	 0.0000000000e+00	 0.0000000000e+00	 0.0000000000e+00	 0.0000000000e+00	 0.0000000000e+00	 0.0000000000e+00	 1.5387633511e-02	 0.0000000000e+00	 0.0000000000e+00	 0.0000000000e+00	 0.0000000000e+00	 0.0000000000e+00	 9.8471795006e-01	 0.0000000000e+00	
 6.3248318889e-04	 0.0000000000e+00	 0.0000000000e+00	 0.0000000000e+00	 0.0000000000e+00	 0.0000000000e+00	 0.0000000000e+00	 0.0000000000e+00	 0.0000000000e+00	 0.0000000000e+00	 0.0000000000e+00	 0.0000000000e+00	 0.0000000000e+00	 0.0000000000e+00	 0.0000000000e+00	 9.9936791659e-01	

E_polarisation and dS using respectively Eq. (26) and Eq. (32) in Guégan et al., PCCP 2020:
dS (J/mol/K) and |E_polarisation| (J/mol) for each state:
 4.9656774005e-01	 3.6474210563e-01	 3.6474210563e-01	 0.0000000000e+00	 0.0000000000e+00	 0.0000000000e+00	 3.6474210563e-01	 3.6474210563e-01	 2.4295165291e+00	 0.0000000000e+00	 0.0000000000e+00	 1.1559363059e-01	 0.0000000000e+00	 0.0000000000e+00	 6.6990791733e-01	 4.3989030310e-02	
-2.0962992163e+04	-5.7464634702e+03	-5.7464634702e+03	 0.0000000000e+00	 0.0000000000e+00	 0.0000000000e+00	 5.7464634702e+03	 5.7464634702e+03	-9.5735282821e+04	 0.0000000000e+00	 0.0000000000e+00	 2.9186572908e+03	 0.0000000000e+00	 0.0000000000e+00	 2.6029995900e+04	 3.3445980796e+03	

------ Variational approach ------

dp_k values:
 9.8872813877e-01	 0.0000000000e+00	 0.0000000000e+00	 0.0000000000e+00	 0.0000000000e+00	 0.0000000000e+00	 8.3987912995e-03	 0.0000000000e+00	 0.0000000000e+00	 1.5535781082e-03	 0.0000000000e+00	 9.9519284269e-56	 3.8222008275e-31	 4.6288986854e-30	 7.0509559676e-04	 6.1439623049e-04	
 0.0000000000e+00	 9.9532390312e-01	 1.7910830504e-05	 9.7746767123e-27	 1.0236221022e-28	 1.2601630448e-30	 0.0000000000e+00	 4.6581860531e-03	 9.5053909358e-29	 0.0000000000e+00	 0.0000000000e+00	 0.0000000000e+00	 0.0000000000e+00	 0.0000000000e+00	 0.0000000000e+00	 0.0000000000e+00	
 0.0000000000e+00	 1.7910830504e-05	 9.9532390312e-01	 3.7126618673e-51	 5.3325125603e-28	 2.1500850598e-26	 0.0000000000e+00	 2.2300545124e-28	 4.6581860531e-03	 0.0000000000e+00	 0.0000000000e+00	 0.0000000000e+00	 0.0000000000e+00	 0.0000000000e+00	 0.0000000000e+00	 0.0000000000e+00	
 0.0000000000e+00	 9.8061839261e-27	 1.7646205180e-31	 1.0000000000e+00	 1.0466732831e-26	 7.3175507932e-27	 0.0000000000e+00	 4.7056421963e-30	 1.2256553735e-56	 0.0000000000e+00	 0.0000000000e+00	 0.0000000000e+00	 0.0000000000e+00	 0.0000000000e+00	 0.0000000000e+00	 0.0000000000e+00	
 0.0000000000e+00	 8.7077502098e-29	 1.5669576279e-33	 7.7218666599e-27	 9.7579882041e-01	 2.4201179588e-02	 0.0000000000e+00	 1.6376368876e-28	 1.3288472212e-54	 0.0000000000e+00	 0.0000000000e+00	 0.0000000000e+00	 0.0000000000e+00	 0.0000000000e+00	 0.0000000000e+00	 0.0000000000e+00	
 0.0000000000e+00	 8.2084916219e-31	 2.2196706824e-26	 1.0072964899e-26	 2.4201179588e-02	 9.7579882041e-01	 0.0000000000e+00	 7.8562850863e-30	 1.2238201312e-29	 0.0000000000e+00	 0.0000000000e+00	 0.0000000000e+00	 0.0000000000e+00	 0.0000000000e+00	 0.0000000000e+00	 0.0000000000e+00	
 0.0000000000e+00	 4.6581022307e-03	 8.3822441379e-08	 2.1224461546e-29	 1.5444467836e-28	 7.3042027302e-31	 0.0000000000e+00	 9.9534181395e-01	 3.2610769762e-26	 0.0000000000e+00	 0.0000000000e+00	 0.0000000000e+00	 0.0000000000e+00	 0.0000000000e+00	 0.0000000000e+00	 0.0000000000e+00	
 0.0000000000e+00	 8.3822441382e-08	 4.6581022307e-03	 2.0207936682e-53	 4.5149933300e-30	 1.8204588539e-28	 0.0000000000e+00	 3.2482763807e-26	 9.9534181395e-01	 0.0000000000e+00	 4.6887373323e-28	 0.0000000000e+00	 0.0000000000e+00	 0.0000000000e+00	 0.0000000000e+00	 0.0000000000e+00	
 8.4737919083e-03	 9.5884290126e-89	 5.3283919958e-84	2.3117636939e-134	5.1646900668e-111	2.0824185270e-109	 9.3158203579e-01	3.7156949761e-107	 1.1385691193e-81	 3.4370965037e-02	 2.4396709095e-54	 1.2111554718e-34	 5.3012793735e-28	 1.2441266334e-27	 2.5572705920e-02	 5.0134092709e-07	
 2.8261122810e-91	 3.9302141019e-35	 2.1840617827e-30	 9.4728536797e-81	 2.1169617782e-57	 8.5356533902e-56	 1.2494220930e-86	 1.5230312736e-53	 4.6668963214e-28	 1.4418261510e-84	 1.0000000000e+00	 2.9086761172e-27	 2.2268391616e-27	 1.8387584315e-28	 9.5466586231e-86	 6.0163890535e-94	
 1.0356150090e-59	 1.1535594660e-61	 6.4104526583e-57	2.7805944564e-107	 6.2135070381e-84	 2.5053046759e-82	 4.5784460891e-55	 4.4702581484e-80	 1.3697835000e-54	 5.2835013396e-53	 2.9351059156e-27	 1.0000000000e+00	 1.6030978848e-26	 1.0053395187e-26	 3.4983263127e-54	 2.2046763129e-62	
 1.6098369231e-03	 9.5111032878e-89	 5.2854212679e-84	2.2930761895e-134	5.1230395104e-111	2.0656248977e-109	 6.5672046622e-03	3.6857298911e-107	 1.1293871478e-81	 7.2222224906e-01	 2.4199962244e-54	 1.7217344636e-33	 2.4836264876e-28	 3.5483030788e-27	 2.6959827817e-01	 2.4311811693e-06	
 9.4055671568e-32	 4.3062611147e-62	 2.3930351077e-57	1.0380440376e-107	 2.3195149043e-84	 9.3523536707e-83	 1.1555469220e-28	 1.6687566179e-80	 5.1134298626e-55	 5.5717084586e-29	 1.0956810502e-27	 3.1000045719e-27	 7.2645482287e-01	 2.7354517713e-01	 2.2725567080e-27	 2.2035680170e-34	
 3.2277385248e-30	 5.1526925924e-62	 2.8634060835e-57	1.2422498833e-107	 2.7754348719e-84	 1.1190636656e-82	 1.1346201906e-27	 1.9967647391e-80	 6.1185170785e-55	 3.0064970240e-28	 1.3110462837e-27	 2.3117695169e-26	 2.7354517713e-01	 7.2645482287e-01	 6.4101700257e-27	 3.8774696568e-33	
 5.8840842830e-04	 3.8742105635e-90	 2.1529400207e-85	9.3409188889e-136	2.0867961569e-112	8.4140247002e-111	 5.3441934283e-02	1.5013290209e-108	 4.6003954386e-83	 2.4185026718e-01	 9.8575051207e-56	 1.7163165155e-33	 1.6225903540e-28	 4.5795312899e-27	 7.0411725225e-01	 2.1378584351e-06	
 5.9982397520e-04	 0.0000000000e+00	 0.0000000000e+00	 0.0000000000e+00	 0.0000000000e+00	 0.0000000000e+00	 1.0033960780e-05	 0.0000000000e+00	 0.0000000000e+00	 2.9406141022e-06	 0.0000000000e+00	 2.5178576038e-58	 2.0840366071e-33	 2.5238847319e-32	 6.6680609435e-06	 9.9938053339e-01	


E_polarisation and dS:
dS (J/mol/K) and |E_polarisation| (J/mol) for each state:
 5.9081905780e-01	 2.4836394619e-01	 2.4836394619e-01	-7.3847262551e-15	 9.4757514061e-01	 9.4757514061e-01	 2.4659633565e-01	 2.4659633565e-01	 2.6278711444e+00	 1.8461815702e-15	-3.6923631200e-15	 5.2531820594e+00	 4.8785371947e+00	 4.8785371947e+00	 6.2462170383e+00	 4.4080828512e-02	
-2.3466610563e+04	-3.5931010710e+03	-4.2301916668e+03	-8.2380609688e-22	 6.2135418283e-22	 4.7438795290e-21	 3.5931010710e+03	-1.3253776662e+05	 6.5440945820e+04	-1.7774538251e-21	-2.2251447294e+05	 5.5064975806e+04	 2.3362891439e-21	 1.3308569711e-20	 2.5901436387e+05	 3.2287562919e+03	

Time in ms 150.789
