/--------------------------------------------\
| Current job: ComputeEnergyWithPointCharges |
\--------------------------------------------/

Reading data from tests/STO-3G/CO_TDDFT_STO-3G.fchk... Please wait.

Number of point charges: 1
Point charge #1: 0.1 e at position (0, 0, -1.21601).

Note: the "NuclearCutoff" parameter is not specified in the provided input file (aa.txt).
The program will use the default value (NuclearCutoff=0.1).

Reading transitions from file: tests/STO-3G/CO_TDDFT_STO-3G.log. Please wait...
Total number of states: 16

Sorted Eigenvalues:
-1.1268361274e+02 -1.1239813828e+02 -1.1236575465e+02 -1.1236575465e+02 -1.1233601950e+02 -1.1233601950e+02 -1.1210661798e+02 -1.1207256032e+02 -1.1207256032e+02 -1.1172624285e+02 -1.1166880969e+02 -1.1166880969e+02 -1.1137937495e+02 -1.1137937495e+02 -1.1123980090e+02 -1.1067617422e+02 

Sorted Eigenvectors (columns): 
-9.9802062190e-01	 0.0000000000e+00	 0.0000000000e+00	 0.0000000000e+00	 0.0000000000e+00	 2.4221727875e-17	 5.8174977781e-02	 0.0000000000e+00	 0.0000000000e+00	-1.0102179775e-03	 0.0000000000e+00	 6.4521256270e-28	 2.8463096469e-15	 2.0655674693e-15	 2.1645367140e-02	-1.0048271940e-02	
 0.0000000000e+00	-1.6872443945e-14	-9.9960620035e-01	-1.4906689516e-03	 1.1933906169e-14	 0.0000000000e+00	 0.0000000000e+00	-2.8021815315e-02	 9.5028442532e-16	 0.0000000000e+00	-3.9114521483e-16	 0.0000000000e+00	 0.0000000000e+00	 0.0000000000e+00	 0.0000000000e+00	 0.0000000000e+00	
 0.0000000000e+00	-4.6546615132e-25	-1.4906689516e-03	 9.9960620035e-01	-1.8656797992e-13	 0.0000000000e+00	 0.0000000000e+00	-1.9864537969e-15	-2.8021815315e-02	 0.0000000000e+00	 5.7401999820e-15	 0.0000000000e+00	 0.0000000000e+00	 0.0000000000e+00	 0.0000000000e+00	 0.0000000000e+00	
 0.0000000000e+00	-1.0000000000e+00	 1.4681433449e-14	 2.1893778305e-17	 7.8350381078e-17	 0.0000000000e+00	 0.0000000000e+00	 7.8513224819e-14	-2.2411554155e-27	 0.0000000000e+00	-1.6457871279e-27	 0.0000000000e+00	 0.0000000000e+00	 0.0000000000e+00	 0.0000000000e+00	 0.0000000000e+00	
 9.7494125558e-18	 7.7427604404e-41	 5.0366311262e-20	-3.3774418505e-17	-3.1623137789e-28	 1.0000000000e+00	-2.4801833717e-16	 1.9953675572e-28	-9.3118527850e-18	-5.9638891678e-18	-1.8715938821e-14	 2.1365406651e-16	-3.8795418745e-16	-2.4208494598e-16	-3.1916334561e-18	 9.2144513206e-21	
 0.0000000000e+00	-8.5993079984e-17	-1.1601862328e-14	-1.8651976905e-13	-1.0000000000e+00	 0.0000000000e+00	 0.0000000000e+00	-2.3374992263e-15	 4.0677590146e-15	 0.0000000000e+00	 1.6926440307e-14	 0.0000000000e+00	 0.0000000000e+00	 0.0000000000e+00	 0.0000000000e+00	 0.0000000000e+00	
 0.0000000000e+00	-7.8146913854e-14	 2.8021784157e-02	 4.1787659578e-05	 2.0206817990e-15	 0.0000000000e+00	 0.0000000000e+00	-9.9960731183e-01	 6.2674982116e-14	 0.0000000000e+00	-1.2240893344e-14	 0.0000000000e+00	 0.0000000000e+00	 0.0000000000e+00	 0.0000000000e+00	 0.0000000000e+00	
 0.0000000000e+00	 6.3275068986e-27	 4.1787659579e-05	-2.8021784157e-02	 1.1333536085e-15	 0.0000000000e+00	 0.0000000000e+00	-6.2258788116e-14	-9.9960731183e-01	 0.0000000000e+00	 2.5923707625e-14	 0.0000000000e+00	 0.0000000000e+00	 0.0000000000e+00	 0.0000000000e+00	 0.0000000000e+00	
-5.4375693037e-02	-7.3287050908e-57	 5.0570679625e-35	-3.3911462940e-32	 2.7425935889e-43	-2.4266796467e-16	-9.8563832508e-01	-2.6121547546e-43	-1.3654417677e-30	 6.7127266013e-02	 1.6298494521e-29	 1.8441978488e-16	 1.3401253746e-14	-5.1660574224e-15	 1.4510094160e-01	 1.5179740299e-04	
 4.1568800318e-32	-3.7225268297e-27	-4.2801310631e-17	-4.9280840227e-15	 1.7182817975e-14	 1.8472097870e-14	-1.8830157153e-29	-1.2190390121e-14	 2.6201263381e-14	-7.0017012704e-27	 9.9993773684e-01	-1.1158962117e-02	 3.9314845931e-16	 3.7747802998e-17	-1.7594014782e-29	 1.5555506072e-34	
-1.9405368571e-30	 4.1542122414e-29	 4.8488233078e-19	 5.0144523824e-17	-1.9175435407e-16	 4.7564914618e-18	-5.8014873544e-28	 1.3604057186e-16	-4.1026210207e-16	-5.7340465481e-25	-1.1158962117e-02	-9.9993773684e-01	-2.5479050519e-14	 1.0956379849e-13	-2.5902898321e-27	 3.4676697971e-32	
 1.3630862954e-02	 1.3287200033e-54	 5.4433048155e-34	-3.6501472964e-31	-8.6210215542e-42	 2.4923080137e-18	 2.0346033765e-02	 5.5701081938e-42	-2.6075479306e-31	-8.4498673573e-01	-5.0835109388e-28	 3.0366196320e-17	 5.1417956341e-14	 3.9084006563e-14	 5.3422613105e-01	-3.0957829826e-04	
-3.1065881792e-16	-3.9578816129e-42	-5.1833026188e-21	 3.4757961721e-18	 1.7656628586e-29	 3.0457056047e-16	-1.5921136139e-14	-5.8597016508e-30	 8.0499884881e-17	-3.4995689690e-16	 1.0434951663e-15	 1.0341727474e-13	 1.7972691555e-01	 9.8371654242e-01	-8.9054493291e-14	 5.9550668704e-18	
 1.9163231478e-16	 3.7698129595e-42	 5.3892476789e-21	-3.6138979007e-18	-1.4831576276e-29	 3.3700528214e-16	-1.2643383692e-15	 3.7532910950e-30	-8.4075090325e-17	-1.2061909202e-14	-8.7742967984e-16	-4.5186077102e-14	 9.8371654242e-01	-1.7972691555e-01	-1.0052929328e-13	 1.0912516614e-17	
 2.6688156323e-02	-7.9778316178e-55	-2.4450806073e-34	 1.6396113521e-31	 5.3541109415e-42	 4.5036261732e-17	 1.5722001574e-01	-3.5538749265e-42	-1.1224640528e-30	 5.3055661874e-01	 3.1556020461e-28	 2.6826425216e-17	 1.0251620596e-13	 5.9409139750e-14	 8.3251368658e-01	-4.9489984264e-04	
-1.0003207571e-02	 0.0000000000e+00	 0.0000000000e+00	 0.0000000000e+00	 0.0000000000e+00	 2.9362206695e-19	 8.1832364851e-04	 0.0000000000e+00	 0.0000000000e+00	-1.9358839035e-05	 0.0000000000e+00	 1.3079759731e-29	 8.1456545063e-17	 5.9113030738e-17	 7.7290745914e-04	 9.9994933293e-01	



------ Perturbative approach (cf. Guégan et al., PCCP 2020) ------

Warning: degeneracy detected between states 1 and 2 (|E_i - E_j| < 1e-10).
The dp_2coefficient for the state 1and the dp_1 coefficient for the state 2 will be set to zero to avoid division by zero.
Warning: degeneracy detected between states 4 and 5 (|E_i - E_j| < 1e-10).
The dp_5coefficient for the state 4and the dp_4 coefficient for the state 5 will be set to zero to avoid division by zero.
Warning: degeneracy detected between states 6 and 7 (|E_i - E_j| < 1e-10).
The dp_7coefficient for the state 6and the dp_6 coefficient for the state 7 will be set to zero to avoid division by zero.
Warning: degeneracy detected between states 9 and 10 (|E_i - E_j| < 1e-10).
The dp_10coefficient for the state 9and the dp_9 coefficient for the state 10 will be set to zero to avoid division by zero.
Warning: the dp_14 coefficient for the state 11 and the dp_11 coefficient for the state 14 are greater than 1 (dp_14 = 0).
They will be set to 0 to maintain the normalisation condition on dp_k (limitation of the perturbative approach).
Warning: degeneracy detected between states 12 and 13 (|E_i - E_j| < 1e-10).
The dp_13coefficient for the state 12and the dp_12 coefficient for the state 13 will be set to zero to avoid division by zero.

dp_k values for ground state, using Eq. (27). Excited states are on the columns:
 9.9723518313e-01	 0.0000000000e+00	 0.0000000000e+00	 0.0000000000e+00	 0.0000000000e+00	 0.0000000000e+00	 0.0000000000e+00	 0.0000000000e+00	 1.8445691147e-03	 0.0000000000e+00	 0.0000000000e+00	 2.5903197916e-04	 0.0000000000e+00	 0.0000000000e+00	 5.6143874721e-04	 9.9777033677e-05	

Renormalized dp_k values. Excited states are on the columns:
 9.9724280626e-01	 0.0000000000e+00	 0.0000000000e+00	 0.0000000000e+00	 0.0000000000e+00	 0.0000000000e+00	 0.0000000000e+00	 0.0000000000e+00	 1.8445691147e-03	 0.0000000000e+00	 0.0000000000e+00	 2.5903197916e-04	 0.0000000000e+00	 0.0000000000e+00	 5.6143874721e-04	 9.9777033677e-05	
 0.0000000000e+00	 9.9921919601e-01	 0.0000000000e+00	 0.0000000000e+00	 0.0000000000e+00	 0.0000000000e+00	 7.8141411827e-04	 0.0000000000e+00	 0.0000000000e+00	 0.0000000000e+00	 0.0000000000e+00	 0.0000000000e+00	 0.0000000000e+00	 0.0000000000e+00	 0.0000000000e+00	 0.0000000000e+00	
 0.0000000000e+00	 0.0000000000e+00	 9.9921919601e-01	 0.0000000000e+00	 0.0000000000e+00	 0.0000000000e+00	 0.0000000000e+00	 7.8141411827e-04	 0.0000000000e+00	 0.0000000000e+00	 0.0000000000e+00	 0.0000000000e+00	 0.0000000000e+00	 0.0000000000e+00	 0.0000000000e+00	 0.0000000000e+00	
 0.0000000000e+00	 0.0000000000e+00	 0.0000000000e+00	 1.0000000000e+00	 0.0000000000e+00	 2.5534213553e-30	 0.0000000000e+00	 0.0000000000e+00	 0.0000000000e+00	 0.0000000000e+00	 0.0000000000e+00	 0.0000000000e+00	 0.0000000000e+00	 0.0000000000e+00	 0.0000000000e+00	 0.0000000000e+00	
 0.0000000000e+00	 0.0000000000e+00	 0.0000000000e+00	 0.0000000000e+00	 1.0000000000e+00	 0.0000000000e+00	 0.0000000000e+00	 0.0000000000e+00	 3.9300443899e-32	 0.0000000000e+00	 0.0000000000e+00	 0.0000000000e+00	 0.0000000000e+00	 0.0000000000e+00	 2.3094204897e-34	 0.0000000000e+00	
 0.0000000000e+00	 0.0000000000e+00	 0.0000000000e+00	 2.5534213553e-30	 0.0000000000e+00	 1.0000000000e+00	 0.0000000000e+00	 0.0000000000e+00	 0.0000000000e+00	 0.0000000000e+00	 0.0000000000e+00	 0.0000000000e+00	 0.0000000000e+00	 0.0000000000e+00	 0.0000000000e+00	 0.0000000000e+00	
 0.0000000000e+00	 7.8141411827e-04	 0.0000000000e+00	 0.0000000000e+00	 0.0000000000e+00	 0.0000000000e+00	 9.9921919601e-01	 0.0000000000e+00	 0.0000000000e+00	 0.0000000000e+00	 0.0000000000e+00	 0.0000000000e+00	 0.0000000000e+00	 0.0000000000e+00	 0.0000000000e+00	 0.0000000000e+00	
 0.0000000000e+00	 0.0000000000e+00	 7.8141411827e-04	 0.0000000000e+00	 0.0000000000e+00	 0.0000000000e+00	 0.0000000000e+00	 9.9921919601e-01	 0.0000000000e+00	 0.0000000000e+00	 0.0000000000e+00	 0.0000000000e+00	 0.0000000000e+00	 0.0000000000e+00	 0.0000000000e+00	 0.0000000000e+00	
 1.8445691147e-03	 0.0000000000e+00	 0.0000000000e+00	 0.0000000000e+00	 3.9300443899e-32	 0.0000000000e+00	 0.0000000000e+00	 0.0000000000e+00	 9.5507109229e-01	 0.0000000000e+00	 0.0000000000e+00	 9.8215018411e-03	 0.0000000000e+00	 0.0000000000e+00	 3.5376403761e-02	 0.0000000000e+00	
 0.0000000000e+00	 0.0000000000e+00	 0.0000000000e+00	 0.0000000000e+00	 0.0000000000e+00	 0.0000000000e+00	 0.0000000000e+00	 0.0000000000e+00	 0.0000000000e+00	 1.0000000000e+00	 0.0000000000e+00	 0.0000000000e+00	 0.0000000000e+00	 0.0000000000e+00	 0.0000000000e+00	 0.0000000000e+00	
 0.0000000000e+00	 0.0000000000e+00	 0.0000000000e+00	 0.0000000000e+00	 0.0000000000e+00	 0.0000000000e+00	 0.0000000000e+00	 0.0000000000e+00	 0.0000000000e+00	 0.0000000000e+00	 1.0000000000e+00	 0.0000000000e+00	 0.0000000000e+00	 0.0000000000e+00	 0.0000000000e+00	 0.0000000000e+00	
 9.8365259208e-05	 0.0000000000e+00	 0.0000000000e+00	 0.0000000000e+00	 0.0000000000e+00	 0.0000000000e+00	 0.0000000000e+00	 0.0000000000e+00	 3.7296343778e-03	 0.0000000000e+00	 0.0000000000e+00	 9.9618659806e-01	 0.0000000000e+00	 0.0000000000e+00	 0.0000000000e+00	 0.0000000000e+00	
 0.0000000000e+00	 0.0000000000e+00	 0.0000000000e+00	 0.0000000000e+00	 0.0000000000e+00	 0.0000000000e+00	 0.0000000000e+00	 0.0000000000e+00	 0.0000000000e+00	 0.0000000000e+00	 0.0000000000e+00	 0.0000000000e+00	 1.0000000000e+00	 0.0000000000e+00	 0.0000000000e+00	 0.0000000000e+00	
 0.0000000000e+00	 0.0000000000e+00	 0.0000000000e+00	 0.0000000000e+00	 0.0000000000e+00	 0.0000000000e+00	 0.0000000000e+00	 0.0000000000e+00	 0.0000000000e+00	 0.0000000000e+00	 0.0000000000e+00	 0.0000000000e+00	 0.0000000000e+00	 1.0000000000e+00	 0.0000000000e+00	 0.0000000000e+00	
 2.1112864378e-04	 0.0000000000e+00	 0.0000000000e+00	 0.0000000000e+00	 8.6845594168e-35	 0.0000000000e+00	 0.0000000000e+00	 0.0000000000e+00	 1.3303271612e-02	 0.0000000000e+00	 0.0000000000e+00	 0.0000000000e+00	 0.0000000000e+00	 0.0000000000e+00	 9.8666580341e-01	 0.0000000000e+00	
 9.9777033677e-05	 0.0000000000e+00	 0.0000000000e+00	 0.0000000000e+00	 0.0000000000e+00	 0.0000000000e+00	 0.0000000000e+00	 0.0000000000e+00	 0.0000000000e+00	 0.0000000000e+00	 0.0000000000e+00	 0.0000000000e+00	 0.0000000000e+00	 0.0000000000e+00	 0.0000000000e+00	 9.9990023292e-01	

E_polarisation and dS using respectively Eq. (26) and Eq. (32) in Guégan et al., PCCP 2020:
dS (J/mol/K) and |E_polarisation| (J/mol) for each state:
 1.7981438200e-01	 5.2971876980e-02	 5.2971876980e-02	 1.4466369597e-27	 2.3778214100e-29	 1.4466369597e-27	 5.2971876980e-02	 5.2971876980e-02	 1.8220389538e+00	 0.0000000000e+00	 0.0000000000e+00	 2.1258223667e-01	 0.0000000000e+00	 0.0000000000e+00	 6.0278551963e-01	 8.4721485747e-03	
-6.4393247836e+03	-6.0274533331e+02	-6.0274533331e+02	-2.3289139391e-25	-2.9446597782e-26	 2.3289139391e-25	 6.0274533331e+02	 6.0274533331e+02	-6.7564950086e+04	 0.0000000000e+00	 0.0000000000e+00	 4.8416506596e+03	 0.0000000000e+00	 0.0000000000e+00	 2.2836269858e+04	 5.2762520978e+02	

------ Variational approach ------

dp_k values:
 9.9604516173e-01	 0.0000000000e+00	 0.0000000000e+00	 0.0000000000e+00	 0.0000000000e+00	 5.8669210127e-34	 3.3843280398e-03	 0.0000000000e+00	 0.0000000000e+00	 1.0205403621e-06	 0.0000000000e+00	 4.1629925107e-55	 8.1014786058e-30	 4.2665689703e-30	 4.6852191861e-04	 1.0096776898e-04	
 0.0000000000e+00	 2.8467936469e-28	 9.9921255577e-01	 2.2220939233e-06	 1.4241811644e-28	 0.0000000000e+00	 0.0000000000e+00	 7.8522213357e-04	 9.0304048900e-31	 0.0000000000e+00	 1.5299457909e-31	 0.0000000000e+00	 0.0000000000e+00	 0.0000000000e+00	 0.0000000000e+00	 0.0000000000e+00	
 0.0000000000e+00	 2.1665873803e-49	 2.2220939233e-06	 9.9921255577e-01	 3.4807611133e-26	 0.0000000000e+00	 0.0000000000e+00	 3.9459986872e-30	 7.8522213357e-04	 0.0000000000e+00	 3.2949895833e-29	 0.0000000000e+00	 0.0000000000e+00	 0.0000000000e+00	 0.0000000000e+00	 0.0000000000e+00	
 0.0000000000e+00	 1.0000000000e+00	 2.1554448812e-28	 4.7933752847e-34	 6.1387822151e-33	 0.0000000000e+00	 0.0000000000e+00	 6.1643264715e-27	 5.0227775963e-54	 0.0000000000e+00	 2.7086152703e-54	 0.0000000000e+00	 0.0000000000e+00	 0.0000000000e+00	 0.0000000000e+00	 0.0000000000e+00	
 9.5051045183e-35	 5.9950339238e-81	 2.5367653102e-39	 1.1407113454e-33	 1.0000228436e-55	 1.0000000000e+00	 6.1513095573e-32	 3.9814916881e-56	 8.6710602290e-35	 3.5567974006e-35	 3.5028636596e-28	 4.5648060137e-32	 1.5050845156e-31	 5.8605121072e-32	 1.0186524118e-35	 8.4906113140e-41	
 0.0000000000e+00	 7.3948098052e-33	 1.3460320949e-28	 3.4789624247e-26	 1.0000000000e+00	 0.0000000000e+00	 0.0000000000e+00	 5.4639026329e-30	 1.6546663401e-29	 0.0000000000e+00	 2.8650438145e-28	 0.0000000000e+00	 0.0000000000e+00	 0.0000000000e+00	 0.0000000000e+00	 0.0000000000e+00	
 0.0000000000e+00	 6.1069401449e-27	 7.8522038736e-04	 1.7462084930e-09	 4.0831549327e-30	 0.0000000000e+00	 0.0000000000e+00	 9.9921477787e-01	 3.9281533832e-27	 0.0000000000e+00	 1.4983946986e-28	 0.0000000000e+00	 0.0000000000e+00	 0.0000000000e+00	 0.0000000000e+00	 0.0000000000e+00	
 0.0000000000e+00	 4.0037343551e-53	 1.7462084931e-09	 7.8522038736e-04	 1.2844904019e-30	 0.0000000000e+00	 0.0000000000e+00	 3.8761566977e-27	 9.9921477787e-01	 0.0000000000e+00	 6.7203861703e-28	 0.0000000000e+00	 0.0000000000e+00	 0.0000000000e+00	 0.0000000000e+00	 0.0000000000e+00	
 2.9567159933e-03	5.3709918308e-113	 2.5573936377e-69	 1.1499873187e-63	 7.5218195939e-86	 5.8887741076e-32	 9.7148290787e-01	 6.8233524618e-86	 1.8644312210e-60	 4.5060698424e-03	 2.6564092364e-58	 3.4010657054e-32	 1.7959360195e-28	 2.6688149292e-29	 2.1054283253e-02	 2.3042451553e-08	
 1.7279651599e-63	 1.3857205998e-53	 1.8319521918e-33	 2.4286012135e-29	 2.9524923356e-28	 3.4121839970e-28	 3.5457481842e-58	 1.4860561130e-28	 6.8650620277e-28	 4.9023820679e-53	 9.9987547756e-01	 1.2452243552e-04	 1.5456571106e-31	 1.4248966311e-33	 3.0954935615e-58	 2.4197376914e-68	
 3.7656832939e-60	 1.7257479346e-57	 2.3511087470e-37	 2.5144732696e-33	 3.6769732305e-32	 2.2624211026e-35	 3.3657255523e-55	 1.8507037192e-32	 1.6831499239e-31	 3.2879289815e-49	 1.2452243552e-04	 9.9987547756e-01	 6.4918201534e-28	 1.2004225939e-26	 6.7096014141e-54	 1.2024733821e-63	
 1.8580042487e-04	1.7654968471e-108	 2.9629567314e-67	 1.3323575285e-61	 7.4322012638e-83	 6.2115992351e-36	 4.1396108998e-04	 3.1026105291e-83	 6.7993062103e-62	 7.1400258355e-01	 2.5842083465e-55	 9.2210587897e-34	 2.6438062342e-27	 1.5275595690e-27	 2.8539755909e-01	 9.5838722754e-08	
 9.6508901149e-32	 1.5664826862e-83	 2.6866626038e-41	 1.2081159030e-35	 3.1175653304e-58	 9.2763226302e-32	 2.5348257594e-28	 3.4336103436e-59	 6.4802314659e-33	 1.2246982969e-31	 1.0888821622e-30	 1.0695132715e-26	 3.2301764172e-02	 9.6769823583e-01	 7.9307027753e-27	 3.5462821432e-35	
 3.6722944069e-32	 1.4211489750e-83	 2.9043990544e-41	 1.3060258037e-35	 2.1997565483e-58	 1.1357256019e-31	 1.5985515119e-30	 1.4087194043e-59	 7.0686208132e-33	 1.4548965361e-28	 7.6988284306e-31	 2.0417815639e-27	 9.6769823583e-01	 3.2301764172e-02	 1.0106138808e-26	 1.1908301884e-34	
 7.1225768793e-04	6.3645797321e-109	 5.9784191763e-68	 2.6883253858e-62	 2.8666503974e-83	 2.0282648708e-33	 2.4718133348e-02	 1.2630026994e-83	 1.2599255499e-60	 2.8149032569e-01	 9.9578242730e-56	 7.1965708985e-34	 1.0509572484e-26	 3.5294458858e-27	 6.9307903835e-01	 2.4492585425e-07	
 1.0006416171e-04	 0.0000000000e+00	 0.0000000000e+00	 0.0000000000e+00	 0.0000000000e+00	 8.6213918199e-38	 6.6965359371e-07	 0.0000000000e+00	 0.0000000000e+00	 3.7476464877e-10	 0.0000000000e+00	 1.7108011461e-58	 6.6351687336e-33	 3.4943504030e-33	 5.9738594039e-07	 9.9989866842e-01	


E_polarisation and dS:
dS (J/mol/K) and |E_polarisation| (J/mol) for each state:
 2.3059168065e-01	 5.3462321927e-02	 5.3462321927e-02	 3.2073455520e-24	-3.6923631342e-15	 1.8461815844e-15	 5.3203567521e-02	 5.3203567521e-02	 1.2550884301e+00	 1.0344014379e-02	 1.0344014379e-02	 5.0152800592e+00	 1.1860952413e+00	 1.1860952413e+00	 5.8829129529e+00	 8.6551599970e-03	
-7.5931270146e+03	-6.0586427127e+02	-8.2381440761e+04	 8.1732724842e+04	-6.0750167326e-22	 2.6845510750e-21	 6.0568251076e+02	-1.3611906061e+05	 9.8544716778e+04	-2.7708044109e+01	-2.2248676490e+05	 3.3672717361e+04	 5.1632035130e-21	 9.8610013270e-22	 2.3412539759e+05	 5.3272650829e+02	
Time in ms 142.116
