/--------------------------------------------\
| Current job: ComputeEnergyWithPointCharges |
\--------------------------------------------/

Reading data from tests/STO-3G/CO_TDDFT_STO-3G.fchk... Please wait.

Number of point charges: 1
Point charge #1: 0.1 e at position (0, 0, 0.912008).

Note: the "NuclearCutoff" parameter is not specified in the provided input file (aa.txt).
The program will use the default value (NuclearCutoff=0.1).

Reading transitions from file: tests/STO-3G/CO_TDDFT_STO-3G.log. Please wait...
Total number of states: 16

Sorted Eigenvalues:
-1.1342094071e+02 -1.1312289754e+02 -1.1312289754e+02 -1.1309858966e+02 -1.1302773747e+02 -1.1302773747e+02 -1.1282989487e+02 -1.1275048860e+02 -1.1275048860e+02 -1.1252868912e+02 -1.1237145283e+02 -1.1237145283e+02 -1.1205039576e+02 -1.1205039576e+02 -1.1188528844e+02 -1.1136315967e+02 

Sorted Eigenvectors (columns): 
 9.9434809869e-01	 0.0000000000e+00	 0.0000000000e+00	 0.0000000000e+00	-4.0189675504e-17	 0.0000000000e+00	-9.1644902993e-02	 0.0000000000e+00	-0.0000000000e+00	-3.9415460135e-02	 0.0000000000e+00	-1.9464579171e-28	 7.5916521081e-15	 1.6750386456e-15	-2.6553631954e-02	 2.4787023149e-02	
 0.0000000000e+00	-9.9766328217e-01	-3.1289024413e-03	-1.2058995981e-13	 0.0000000000e+00	 9.5926820090e-15	 0.0000000000e+00	-4.3189370556e-02	 5.2847551106e-02	 0.0000000000e+00	 1.4736901496e-15	 0.0000000000e+00	 0.0000000000e+00	 0.0000000000e+00	 0.0000000000e+00	 0.0000000000e+00	
 0.0000000000e+00	-3.1289024413e-03	 9.9766328217e-01	-2.7843340522e-25	 0.0000000000e+00	-7.9513693432e-14	 0.0000000000e+00	 5.2847551106e-02	 4.3189370556e-02	 0.0000000000e+00	-5.7636187489e-15	 0.0000000000e+00	 0.0000000000e+00	 0.0000000000e+00	 0.0000000000e+00	 0.0000000000e+00	
 0.0000000000e+00	-1.1798328295e-13	-3.7002282070e-16	 1.0000000000e+00	 0.0000000000e+00	 1.7404855587e-13	 0.0000000000e+00	-2.6462479728e-14	 3.2380125754e-14	 0.0000000000e+00	-2.9705699594e-27	 0.0000000000e+00	 0.0000000000e+00	 0.0000000000e+00	 0.0000000000e+00	 0.0000000000e+00	
-1.9465903585e-17	-1.4287048131e-19	 4.5554834645e-17	-1.8533759877e-40	-1.0000000000e+00	 5.5387648879e-28	-8.9781422501e-16	-1.7106805088e-18	-1.3980442387e-18	 2.1544093800e-15	-1.7224711113e-14	-2.3868241093e-17	-3.1767515742e-16	-1.1104953203e-16	 6.8516641129e-16	-1.2890196632e-19	
 0.0000000000e+00	-1.1834606743e-14	-8.1208339456e-14	 1.7413294817e-13	 0.0000000000e+00	-1.0000000000e+00	 0.0000000000e+00	 3.8223817158e-14	-1.5122534325e-14	 0.0000000000e+00	-3.2399857454e-14	 0.0000000000e+00	 0.0000000000e+00	 0.0000000000e+00	 0.0000000000e+00	 0.0000000000e+00	
 0.0000000000e+00	 6.8250564611e-02	 2.1404953158e-04	-3.3592187424e-14	 0.0000000000e+00	-3.6747623174e-14	 0.0000000000e+00	-6.3132736599e-01	 7.7250732784e-01	 0.0000000000e+00	 3.4856558786e-14	 0.0000000000e+00	 0.0000000000e+00	 0.0000000000e+00	 0.0000000000e+00	 0.0000000000e+00	
 0.0000000000e+00	 2.1404953158e-04	-6.8250564611e-02	 1.8529058022e-26	 0.0000000000e+00	 2.5527337074e-14	 0.0000000000e+00	 7.7250732784e-01	 6.3132736599e-01	 0.0000000000e+00	-2.8116398099e-14	 0.0000000000e+00	 0.0000000000e+00	 0.0000000000e+00	 0.0000000000e+00	 0.0000000000e+00	
-9.2053187419e-02	-2.5846574485e-34	 8.2412855127e-32	-2.7813297396e-54	 5.7822207192e-16	 9.1090318643e-42	-9.6518497243e-01	-2.3292943937e-30	-1.9036030355e-30	-1.8539410075e-01	-2.8162307788e-28	-2.8666675671e-17	 4.2784155679e-14	-3.0091740467e-14	 1.5991468270e-01	 7.0805440018e-04	
 0.0000000000e+00	 9.2092123813e-16	-3.8168348419e-15	-9.8882281427e-27	 1.7192409490e-14	 3.2495114302e-14	 0.0000000000e+00	-4.4136214093e-14	 8.9166893888e-15	 0.0000000000e+00	-9.9992313343e-01	-1.2398678759e-02	-1.8074762627e-15	 7.1590635404e-15	 0.0000000000e+00	 0.0000000000e+00	
 1.3212048043e-31	 1.1420366900e-17	-4.7736296403e-17	-1.2261038888e-28	 1.9168022626e-16	 4.0292745512e-16	 1.2134925543e-29	-5.8411172915e-16	 8.0457259556e-17	-4.4710252938e-29	-1.2398678759e-02	 9.9992313343e-01	 2.0436481352e-14	 2.2865766747e-14	-3.5571891535e-29	 5.8566981178e-33	
 4.0122775208e-02	 5.2718546402e-34	-1.6809523167e-31	 4.2214494757e-54	 2.2584352069e-15	-1.3551057182e-41	-8.1038304523e-02	 2.8053794757e-30	 2.2926809509e-30	 8.4983659008e-01	 4.1930474532e-28	 2.4074776802e-18	-1.1994501120e-13	 2.5950336365e-14	 5.1922855766e-01	-1.5592247815e-03	
 1.2262816275e-15	 1.0360884844e-21	-3.3036103280e-19	 4.4641057407e-41	-2.9591085866e-16	-1.4506928524e-28	 4.4705776206e-14	 3.4293563821e-17	 2.8026226467e-17	-3.7458472413e-14	 4.4856627113e-15	-3.0958605965e-14	 6.7177747364e-01	 7.4075301276e-01	 1.8596162663e-13	-5.9362247818e-17	
-3.3070052333e-15	-2.0284486633e-21	 6.4677911300e-19	 6.1086366307e-41	 1.5976484271e-16	-1.9964783422e-28	-2.9809202170e-14	 4.8071586525e-17	 3.9286239763e-17	-1.2627006979e-13	 6.1698607195e-15	-4.0548720889e-17	-7.4075301276e-01	 6.7177747364e-01	-3.0160366711e-15	-9.4435048943e-17	
 2.4257121965e-02	 7.6916823420e-34	-2.4525242267e-31	-1.1517692145e-53	-6.9278100458e-16	 3.7728468841e-41	 2.3117512839e-01	-8.7658628294e-30	-7.1638531976e-30	-4.9178275535e-01	-1.1649698653e-27	 4.6062072646e-17	-8.5284114545e-14	-1.7204299157e-13	 8.3911693806e-01	-1.4621416631e-03	
-2.4491309855e-02	 0.0000000000e+00	 0.0000000000e+00	 0.0000000000e+00	 2.9676353010e-18	 0.0000000000e+00	 3.1676429296e-03	 0.0000000000e+00	-0.0000000000e+00	 1.7148224675e-03	 0.0000000000e+00	 1.4398193717e-29	-5.6057319464e-16	-1.2368608984e-16	 2.5822590008e-03	 9.9969021857e-01	



------ Perturbative approach (cf. Guégan et al., PCCP 2020) ------

Warning: degeneracy detected between states 1 and 2 (|E_i - E_j| < 1e-10).
The dp_2coefficient for the state 1and the dp_1 coefficient for the state 2 will be set to zero to avoid division by zero.
Warning: degeneracy detected between states 4 and 5 (|E_i - E_j| < 1e-10).
The dp_5coefficient for the state 4and the dp_4 coefficient for the state 5 will be set to zero to avoid division by zero.
Warning: degeneracy detected between states 6 and 7 (|E_i - E_j| < 1e-10).
The dp_7coefficient for the state 6and the dp_6 coefficient for the state 7 will be set to zero to avoid division by zero.
Warning: degeneracy detected between states 9 and 10 (|E_i - E_j| < 1e-10).
The dp_10coefficient for the state 9and the dp_9 coefficient for the state 10 will be set to zero to avoid division by zero.
Warning: the dp_14 coefficient for the state 11 and the dp_11 coefficient for the state 14 are greater than 1 (dp_14 = 0).
They will be set to 0 to maintain the normalisation condition on dp_k (limitation of the perturbative approach).
Warning: degeneracy detected between states 12 and 13 (|E_i - E_j| < 1e-10).
The dp_13coefficient for the state 12and the dp_12 coefficient for the state 13 will be set to zero to avoid division by zero.

dp_k values for ground state, using Eq. (27). Excited states are on the columns:
 9.9097847756e-01	 0.0000000000e+00	 0.0000000000e+00	 0.0000000000e+00	 0.0000000000e+00	 0.0000000000e+00	 0.0000000000e+00	 0.0000000000e+00	 6.1643259107e-03	 0.0000000000e+00	 0.0000000000e+00	 1.7087638342e-03	 0.0000000000e+00	 0.0000000000e+00	 5.1594921193e-04	 6.3248348701e-04	

Renormalized dp_k values. Excited states are on the columns:
 9.9105913775e-01	 0.0000000000e+00	 0.0000000000e+00	 0.0000000000e+00	 0.0000000000e+00	 0.0000000000e+00	 0.0000000000e+00	 0.0000000000e+00	 6.1643259107e-03	 0.0000000000e+00	 0.0000000000e+00	 1.7087638342e-03	 0.0000000000e+00	 0.0000000000e+00	 5.1594921193e-04	 6.3248348701e-04	
 0.0000000000e+00	 9.9260523286e-01	 0.0000000000e+00	 0.0000000000e+00	 0.0000000000e+00	 0.0000000000e+00	 7.4498571008e-03	 0.0000000000e+00	 0.0000000000e+00	 0.0000000000e+00	 0.0000000000e+00	 0.0000000000e+00	 0.0000000000e+00	 0.0000000000e+00	 0.0000000000e+00	 0.0000000000e+00	
 0.0000000000e+00	 0.0000000000e+00	 9.9260523286e-01	 0.0000000000e+00	 0.0000000000e+00	 0.0000000000e+00	 0.0000000000e+00	 7.4498571008e-03	 0.0000000000e+00	 0.0000000000e+00	 0.0000000000e+00	 0.0000000000e+00	 0.0000000000e+00	 0.0000000000e+00	 0.0000000000e+00	 0.0000000000e+00	
 0.0000000000e+00	 0.0000000000e+00	 0.0000000000e+00	 1.0000000000e+00	 0.0000000000e+00	 1.0213685421e-29	 0.0000000000e+00	 0.0000000000e+00	 0.0000000000e+00	 0.0000000000e+00	 0.0000000000e+00	 0.0000000000e+00	 0.0000000000e+00	 0.0000000000e+00	 0.0000000000e+00	 0.0000000000e+00	
 0.0000000000e+00	 0.0000000000e+00	 0.0000000000e+00	 0.0000000000e+00	 1.0000000000e+00	 0.0000000000e+00	 0.0000000000e+00	 0.0000000000e+00	 1.5720177560e-31	 0.0000000000e+00	 0.0000000000e+00	 1.3893767968e-33	 0.0000000000e+00	 0.0000000000e+00	 9.2376819588e-34	 0.0000000000e+00	
 0.0000000000e+00	 0.0000000000e+00	 0.0000000000e+00	 1.0213685421e-29	 0.0000000000e+00	 1.0000000000e+00	 0.0000000000e+00	 0.0000000000e+00	 0.0000000000e+00	 0.0000000000e+00	 0.0000000000e+00	 0.0000000000e+00	 0.0000000000e+00	 0.0000000000e+00	 0.0000000000e+00	 0.0000000000e+00	
 0.0000000000e+00	 7.4498571008e-03	 0.0000000000e+00	 0.0000000000e+00	 0.0000000000e+00	 0.0000000000e+00	 9.9260523286e-01	 0.0000000000e+00	 0.0000000000e+00	 0.0000000000e+00	 0.0000000000e+00	 0.0000000000e+00	 0.0000000000e+00	 0.0000000000e+00	 0.0000000000e+00	 0.0000000000e+00	
 0.0000000000e+00	 0.0000000000e+00	 7.4498571008e-03	 0.0000000000e+00	 0.0000000000e+00	 0.0000000000e+00	 0.0000000000e+00	 9.9260523286e-01	 0.0000000000e+00	 0.0000000000e+00	 0.0000000000e+00	 0.0000000000e+00	 0.0000000000e+00	 0.0000000000e+00	 0.0000000000e+00	 0.0000000000e+00	
 6.1643259107e-03	 0.0000000000e+00	 0.0000000000e+00	 0.0000000000e+00	 1.5720177560e-31	 0.0000000000e+00	 0.0000000000e+00	 0.0000000000e+00	 9.3318891381e-01	 0.0000000000e+00	 0.0000000000e+00	 5.0931481677e-03	 0.0000000000e+00	 0.0000000000e+00	 6.0336910727e-02	 0.0000000000e+00	
 0.0000000000e+00	 0.0000000000e+00	 0.0000000000e+00	 0.0000000000e+00	 0.0000000000e+00	 0.0000000000e+00	 0.0000000000e+00	 0.0000000000e+00	 0.0000000000e+00	 1.0000000000e+00	 0.0000000000e+00	 0.0000000000e+00	 0.0000000000e+00	 0.0000000000e+00	 0.0000000000e+00	 0.0000000000e+00	
 0.0000000000e+00	 0.0000000000e+00	 0.0000000000e+00	 0.0000000000e+00	 0.0000000000e+00	 0.0000000000e+00	 0.0000000000e+00	 0.0000000000e+00	 0.0000000000e+00	 0.0000000000e+00	 1.0000000000e+00	 0.0000000000e+00	 0.0000000000e+00	 0.0000000000e+00	 0.0000000000e+00	 0.0000000000e+00	
 4.4187452655e-04	 0.0000000000e+00	 0.0000000000e+00	 0.0000000000e+00	 3.5928324441e-34	 0.0000000000e+00	 0.0000000000e+00	 0.0000000000e+00	 1.3170529422e-03	 0.0000000000e+00	 0.0000000000e+00	 9.9824416092e-01	 0.0000000000e+00	 0.0000000000e+00	 0.0000000000e+00	 0.0000000000e+00	
 0.0000000000e+00	 0.0000000000e+00	 0.0000000000e+00	 0.0000000000e+00	 0.0000000000e+00	 0.0000000000e+00	 0.0000000000e+00	 0.0000000000e+00	 0.0000000000e+00	 0.0000000000e+00	 0.0000000000e+00	 0.0000000000e+00	 1.0000000000e+00	 0.0000000000e+00	 0.0000000000e+00	 0.0000000000e+00	
 0.0000000000e+00	 0.0000000000e+00	 0.0000000000e+00	 0.0000000000e+00	 0.0000000000e+00	 0.0000000000e+00	 0.0000000000e+00	 0.0000000000e+00	 0.0000000000e+00	 0.0000000000e+00	 0.0000000000e+00	 0.0000000000e+00	 0.0000000000e+00	 1.0000000000e+00	 0.0000000000e+00	 0.0000000000e+00	
 1.3158175819e-04	 0.0000000000e+00	 0.0000000000e+00	 0.0000000000e+00	 2.3558722558e-34	 0.0000000000e+00	 0.0000000000e+00	 0.0000000000e+00	 1.5387632375e-02	 0.0000000000e+00	 0.0000000000e+00	 0.0000000000e+00	 0.0000000000e+00	 0.0000000000e+00	 9.8471795125e-01	 0.0000000000e+00	
 6.3248348701e-04	 0.0000000000e+00	 0.0000000000e+00	 0.0000000000e+00	 0.0000000000e+00	 0.0000000000e+00	 0.0000000000e+00	 0.0000000000e+00	 0.0000000000e+00	 0.0000000000e+00	 0.0000000000e+00	 0.0000000000e+00	 0.0000000000e+00	 0.0000000000e+00	 0.0000000000e+00	 9.9936791630e-01	

E_polarisation and dS using respectively Eq. (26) and Eq. (32) in Guégan et al., PCCP 2020:
dS (J/mol/K) and |E_polarisation| (J/mol) for each state:
 4.9656765783e-01	 3.6474203266e-01	 3.6474203266e-01	 5.6688219118e-27	 9.4164232506e-29	 5.6688219118e-27	 3.6474203266e-01	 3.6474203266e-01	 2.4295164252e+00	 0.0000000000e+00	 0.0000000000e+00	 1.1559362198e-01	 0.0000000000e+00	 0.0000000000e+00	 6.6990787112e-01	 4.3989048563e-02	
-2.0962989271e+04	-5.7464620825e+03	-5.7464620825e+03	-9.3156557565e-25	-1.2050265666e-25	 9.3156557565e-25	 5.7464620825e+03	 5.7464620825e+03	-9.5735284187e+04	 0.0000000000e+00	 0.0000000000e+00	 2.9186570540e+03	 0.0000000000e+00	 0.0000000000e+00	 2.6029993679e+04	 3.3445996560e+03	

------ Variational approach ------

dp_k values:
 9.8872814137e-01	 0.0000000000e+00	 0.0000000000e+00	 0.0000000000e+00	 1.6152100171e-33	 0.0000000000e+00	 8.3987882446e-03	 0.0000000000e+00	 0.0000000000e+00	 1.5535784977e-03	 0.0000000000e+00	 3.7886984230e-56	 5.7633181730e-29	 2.8057544642e-30	 7.0509536994e-04	 6.1439651657e-04	
 0.0000000000e+00	 9.9533202458e-01	 9.7900304871e-06	 1.4541938406e-26	 0.0000000000e+00	 9.2019548125e-29	 0.0000000000e+00	 1.8653217290e-03	 2.7928636579e-03	 0.0000000000e+00	 2.1717626570e-30	 0.0000000000e+00	 0.0000000000e+00	 0.0000000000e+00	 0.0000000000e+00	 0.0000000000e+00	
 0.0000000000e+00	 9.7900304871e-06	 9.9533202458e-01	 7.7525161143e-50	 0.0000000000e+00	 6.3224274432e-27	 0.0000000000e+00	 2.7928636579e-03	 1.8653217290e-03	 0.0000000000e+00	 3.3219301083e-29	 0.0000000000e+00	 0.0000000000e+00	 0.0000000000e+00	 0.0000000000e+00	 0.0000000000e+00	
 0.0000000000e+00	 1.3920055056e-26	 1.3691688784e-31	 1.0000000000e+00	 0.0000000000e+00	 3.0292899802e-26	 0.0000000000e+00	 7.0026283338e-28	 1.0484725439e-27	 0.0000000000e+00	 8.8242858837e-54	 0.0000000000e+00	 0.0000000000e+00	 0.0000000000e+00	 0.0000000000e+00	 0.0000000000e+00	
 3.7892140238e-34	 2.0411974431e-38	 2.0752429595e-33	 3.4350025517e-80	 1.0000000000e+00	 3.0677916483e-55	 8.0607038263e-31	 2.9264278031e-36	 1.9545276933e-36	 4.6414797767e-30	 2.9669067293e-28	 5.6969293285e-34	 1.0091750564e-31	 1.2331998564e-32	 4.6945301116e-31	 1.6615716921e-38	
 0.0000000000e+00	 1.4005791677e-28	 6.5947943971e-27	 3.0322283640e-26	 0.0000000000e+00	 1.0000000000e+00	 0.0000000000e+00	 1.4610601981e-27	 2.2869104441e-28	 0.0000000000e+00	 1.0497507631e-27	 0.0000000000e+00	 0.0000000000e+00	 0.0000000000e+00	 0.0000000000e+00	 0.0000000000e+00	
 0.0000000000e+00	 4.6581395697e-03	 4.5817201972e-08	 1.1284350560e-27	 0.0000000000e+00	 1.3503878089e-27	 0.0000000000e+00	 3.9857424305e-01	 5.9676757156e-01	 0.0000000000e+00	 1.2149796904e-27	 0.0000000000e+00	 0.0000000000e+00	 0.0000000000e+00	 0.0000000000e+00	 0.0000000000e+00	
 0.0000000000e+00	 4.5817201971e-08	 4.6581395697e-03	 3.4332599119e-52	 0.0000000000e+00	 6.5164493811e-28	 0.0000000000e+00	 5.9676757156e-01	 3.9857424305e-01	 0.0000000000e+00	 7.9053184204e-28	 0.0000000000e+00	 0.0000000000e+00	 0.0000000000e+00	 0.0000000000e+00	 0.0000000000e+00	
 8.4737893140e-03	 6.6804541262e-68	 6.7918786901e-63	7.7357951204e-108	 3.3434076446e-31	 8.2974461505e-83	 9.3158203101e-01	 5.4256123725e-60	 3.6237045166e-60	 3.4370972594e-02	 7.9311557997e-56	 8.2177829401e-34	 1.8304839772e-27	 9.0551284435e-28	 2.5572705744e-02	 5.0134103361e-07	
 0.0000000000e+00	 8.4809592683e-31	 1.4568228210e-29	 9.7777055802e-53	 2.9557894408e-28	 1.0559324535e-27	 0.0000000000e+00	 1.9480053945e-27	 7.9507349656e-29	 0.0000000000e+00	 9.9984627277e-01	 1.5372723498e-04	 3.2669704402e-30	 5.1252190776e-29	 0.0000000000e+00	 0.0000000000e+00	
 1.7455821349e-62	 1.3042478013e-34	 2.2787539943e-33	 1.5033307461e-56	 3.6741309140e-32	 1.6235053409e-31	 1.4725641794e-58	 3.4118651213e-31	 6.4733706152e-33	 1.9990067178e-57	 1.5372723498e-04	 9.9984627277e-01	 4.1764977004e-28	 5.2284328895e-28	 1.2653594674e-57	 3.4300912843e-65	
 1.6098370904e-03	 2.7792451348e-67	 2.8256006910e-62	1.7820635676e-107	 5.1005295840e-30	 1.8363115074e-82	 6.5672068000e-03	 7.8701540027e-60	 5.2563859428e-60	 7.2222222984e-01	 1.7581646944e-55	 5.7959487807e-36	 1.4386805713e-26	 6.7341995744e-28	 2.6959829509e-01	 2.4311819193e-06	
 1.5037666299e-30	 1.0734793475e-42	 1.0913841200e-37	 1.9928240064e-81	 8.7563236274e-32	 2.1045097521e-56	 1.9986064262e-27	 1.1760485196e-33	 7.8546936999e-34	 1.4031371556e-27	 2.0121169960e-29	 9.5843528332e-28	 4.5128497409e-01	 5.4871502591e-01	 3.4581726578e-26	 3.5238764660e-33	
 1.0936283613e-29	 4.1146039798e-42	 4.1832322101e-37	 3.7315441485e-81	 2.5524804965e-32	 3.9859257710e-56	 8.8858853401e-28	 2.3108774311e-33	 1.5434086347e-33	 1.5944130526e-26	 3.8067181297e-29	 1.6441987657e-33	 5.4871502591e-01	 4.5128497409e-01	 9.0964772012e-30	 8.9179784689e-33	
 5.8840796604e-04	 5.9161977250e-67	 6.0148750827e-62	1.3265723234e-106	 4.7994552031e-31	 1.4234373611e-81	 5.3441939987e-02	 7.6840351143e-59	 5.1320792636e-59	 2.4185027846e-01	 1.3571547872e-54	 2.1217145364e-33	 7.2733801937e-27	 2.9598790947e-26	 7.0411723573e-01	 2.1378582429e-06	
 5.9982425839e-04	 0.0000000000e+00	 0.0000000000e+00	 0.0000000000e+00	 8.8068592797e-36	 0.0000000000e+00	 1.0033961730e-05	 0.0000000000e+00	 0.0000000000e+00	 2.9406160949e-06	 0.0000000000e+00	 2.0730798232e-58	 3.1424230655e-31	 1.5298248821e-32	 6.6680615472e-06	 9.9938053310e-01	


E_polarisation and dS:
dS (J/mol/K) and |E_polarisation| (J/mol) for each state:
 5.9081896149e-01	 2.7368071574e-01	 2.7368071574e-01	 2.2595849356e-23	-3.6923631343e-15	-7.3847262492e-15	 5.8177288031e+00	 5.8177288031e+00	 2.6278712452e+00	 1.2500722903e-02	 1.2500722903e-02	 5.2531822902e+00	 5.7236206526e+00	 5.7236206526e+00	 6.2462172335e+00	 4.4080846341e-02	
-2.3466607445e+04	-3.9750748174e+03	-3.8482168015e+03	-2.9745660477e-21	-5.2394061284e-22	 1.0692015927e-21	-7.8025581776e+04	-5.0919084890e+04	 6.5440933381e+04	-3.4206534667e+01	-2.2248026641e+05	 5.5064967434e+04	 4.9145587299e-21	 1.2241139531e-20	 2.5901438006e+05	 3.2287577991e+03	
Time in ms 160.612
